K = [
1  92  ;
2  91  ;
3  90  ;
4  89  ;
5  88  ;
6  87  ;
7  86  ;
8  85  ;
9  84  ]

n = 92

n_k = [
1  ;
1  ;
1  ;
1  ;
1  ;
1  ;
1  ;
1  ;
1 ]


A_1 = [
2  12  10 ;
3  12  5 ;
5  14  4 ;
7  15  7 ;
8  17  5 ;
9  17  10 ;
9  19  6 ;
10  19  1 ;
11  21  1 ;
12  11  7 ;
14  13  6 ;
14  15  4 ;
16  17  2 ;
16  26  7 ;
17  18  4 ;
18  17  8 ;
19  27  4 ;
20  30  6 ;
21  29  2 ;
23  22  8 ;
23  31  8 ;
23  33  5 ;
24  25  10 ;
24  34  3 ;
25  24  3 ;
25  33  4 ;
26  35  7 ;
27  35  6 ;
28  27  9 ;
29  30  7 ;
30  29  9 ;
30  38  4 ;
30  40  1 ;
31  30  8 ;
31  39  10 ;
32  41  6 ;
33  32  6 ;
33  34  1 ;
33  43  10 ;
34  33  10 ;
35  36  3 ;
35  43  9 ;
36  45  1 ;
37  46  8 ;
39  40  2 ;
39  49  6 ;
40  39  5 ;
41  40  9 ;
41  49  5 ;
41  51  8 ;
42  51  2 ;
43  52  7 ;
43  53  4 ;
44  43  5 ;
45  44  10 ;
45  46  7 ;
45  53  1 ;
45  55  1 ;
46  45  7 ;
46  54  3 ;
47  57  9 ;
48  47  7 ;
48  49  9 ;
48  56  4 ;
48  58  8 ;
49  48  4 ;
49  50  9 ;
50  59  5 ;
51  50  4 ;
51  52  1 ;
51  59  5 ;
51  61  2 ;
52  61  7 ;
52  62  10 ;
53  52  5 ;
54  55  4 ;
55  64  1 ;
56  57  7 ;
56  66  6 ;
57  56  2 ;
57  58  4 ;
58  66  2 ;
58  68  5 ;
59  58  9 ;
59  60  8 ;
59  67  1 ;
59  69  10 ;
60  61  5 ;
61  60  6 ;
61  62  10 ;
61  71  7 ;
62  61  4 ;
62  70  2 ;
62  72  9 ;
63  62  6 ;
63  71  8 ;
63  73  4 ;
64  63  2 ;
64  72  1 ;
65  66  3 ;
65  75  3 ;
67  66  9 ;
67  68  5 ;
67  75  6 ;
68  67  2 ;
69  70  10 ;
70  71  7 ;
70  80  3 ;
71  79  2 ;
71  81  10 ;
72  71  7 ;
72  73  2 ;
72  80  10 ;
73  72  10 ;
73  81  2 ;
75  76  2 ;
75  84  5 ;
75  85  2 ;
76  77  5 ;
76  85  10 ;
77  78  7 ;
77  87  4 ;
78  86  7 ;
78  88  2 ;
79  80  3 ;
79  89  2 ;
80  88  9 ;
80  90  9 ;
81  82  8 ;
81  91  4 ]

A_2 = [
1  2  0 ;
1  3  0 ;
1  4  0 ;
1  5  0 ;
1  6  0 ;
1  7  0 ;
1  8  0 ;
1  9  0 ;
1  10  0 ;
2  11  3 ;
3  11  2 ;
3  13  2 ;
4  12  8 ;
4  13  8 ;
4  14  8 ;
5  13  7 ;
5  15  2 ;
6  14  8 ;
6  15  1 ;
6  16  7 ;
7  16  10 ;
7  17  1 ;
8  16  8 ;
8  18  4 ;
9  18  2 ;
10  18  1 ;
11  12  1 ;
11  20  9 ;
12  13  4 ;
12  20  7 ;
12  21  1 ;
12  22  9 ;
13  12  4 ;
13  14  8 ;
13  21  8 ;
13  22  9 ;
13  23  4 ;
14  22  4 ;
14  23  8 ;
14  24  5 ;
15  14  1 ;
15  16  7 ;
15  23  9 ;
15  24  2 ;
15  25  3 ;
16  15  5 ;
16  24  6 ;
16  25  9 ;
17  16  9 ;
17  25  5 ;
17  26  5 ;
17  27  10 ;
18  19  9 ;
18  26  7 ;
18  27  10 ;
18  28  1 ;
19  18  8 ;
19  28  7 ;
20  21  7 ;
20  29  3 ;
21  20  9 ;
21  22  6 ;
21  30  8 ;
21  31  9 ;
22  21  2 ;
22  23  3 ;
22  30  9 ;
22  31  7 ;
22  32  6 ;
23  24  1 ;
23  32  1 ;
24  23  10 ;
24  32  10 ;
24  33  7 ;
25  26  9 ;
25  34  1 ;
25  35  4 ;
26  25  9 ;
26  27  9 ;
26  34  4 ;
26  36  9 ;
27  26  6 ;
27  28  10 ;
27  36  8 ;
27  37  5 ;
28  36  10 ;
28  37  1 ;
29  38  9 ;
29  39  3 ;
30  31  9 ;
30  39  7 ;
31  32  6 ;
31  40  9 ;
31  41  4 ;
32  31  9 ;
32  33  7 ;
32  40  8 ;
32  42  7 ;
33  41  9 ;
33  42  9 ;
34  35  6 ;
34  42  8 ;
34  43  10 ;
34  44  1 ;
35  34  4 ;
35  44  10 ;
35  45  3 ;
36  35  2 ;
36  37  9 ;
36  44  5 ;
36  46  2 ;
37  36  2 ;
37  45  1 ;
38  39  1 ;
38  47  5 ;
38  48  4 ;
39  38  5 ;
39  47  10 ;
39  48  3 ;
40  41  2 ;
40  48  3 ;
40  49  3 ;
40  50  5 ;
41  42  3 ;
41  50  5 ;
42  41  6 ;
42  43  8 ;
42  50  8 ;
42  52  1 ;
43  42  5 ;
43  44  7 ;
43  51  6 ;
44  45  2 ;
44  52  5 ;
44  53  9 ;
44  54  4 ;
45  54  4 ;
46  55  1 ;
47  48  3 ;
47  56  8 ;
48  57  9 ;
49  57  1 ;
49  58  7 ;
49  59  10 ;
50  49  6 ;
50  51  7 ;
50  58  1 ;
50  60  3 ;
51  60  2 ;
52  51  5 ;
52  53  5 ;
52  60  3 ;
53  54  3 ;
53  61  1 ;
53  62  9 ;
53  63  1 ;
54  53  10 ;
54  62  10 ;
54  63  8 ;
54  64  3 ;
55  54  10 ;
55  63  9 ;
56  65  4 ;
57  65  10 ;
57  66  7 ;
57  67  10 ;
58  57  4 ;
58  59  8 ;
58  67  7 ;
59  68  6 ;
60  59  7 ;
60  68  1 ;
60  69  3 ;
60  70  4 ;
61  69  3 ;
61  70  6 ;
62  63  5 ;
62  71  7 ;
63  64  9 ;
63  72  9 ;
64  73  2 ;
65  74  3 ;
66  65  9 ;
66  67  4 ;
66  74  5 ;
66  75  6 ;
66  76  10 ;
67  76  6 ;
67  77  6 ;
68  69  5 ;
68  76  4 ;
68  77  10 ;
68  78  8 ;
69  68  3 ;
69  77  9 ;
69  78  2 ;
69  79  6 ;
70  69  1 ;
70  78  2 ;
70  79  7 ;
71  70  3 ;
71  72  6 ;
71  80  10 ;
72  81  9 ;
72  82  4 ;
73  82  5 ;
74  75  6 ;
74  83  5 ;
74  84  10 ;
75  74  9 ;
75  83  8 ;
76  75  1 ;
76  84  1 ;
76  86  1 ;
77  76  2 ;
77  85  2 ;
77  86  1 ;
78  77  4 ;
78  79  10 ;
78  87  3 ;
79  78  8 ;
79  87  4 ;
79  88  3 ;
80  79  7 ;
80  81  7 ;
80  89  5 ;
81  80  5 ;
81  89  6 ;
81  90  2 ;
82  81  6 ;
82  90  1 ;
82  91  1 ;
83  84  10 ;
83  92  0 ;
84  83  10 ;
84  85  10 ;
84  92  0 ;
85  84  10 ;
85  86  10 ;
85  92  0 ;
86  85  10 ;
86  87  10 ;
86  92  0 ;
87  86  10 ;
87  88  10 ;
87  92  0 ;
88  87  10 ;
88  89  10 ;
88  92  0 ;
89  88  10 ;
89  90  10 ;
89  92  0 ;
90  89  10 ;
90  91  10 ;
90  92  0 ;
91  90  10 ;
91  92  0 ]
