K = [ 
1  68  ;  
2  67  ;  
3  66  ;  
4  65  ;  
5  64  ;  
6  63  ]

n = 68
n_k = [ 
1  ;  
1  ;  
1  ;  
1  ;  
1  ;  
1 ]

A_1 = [
2  9  10 ;  
3  8  2 ;  
4  10  8 ;  
5  12  2 ;  
6  11  8 ;  
7  12  7 ;  
8  15  5 ;  
9  8  4 ;  
9  16  1 ;  
10  9  1 ;  
10  11  1 ;  
10  16  1 ;  
12  17  9 ;  
13  12  4 ;  
14  15  5 ;  
15  14  9 ;  
15  16  2 ;  
15  22  2 ;  
16  17  9 ;  
16  21  7 ;  
17  23  8 ;  
18  17  7 ;  
18  19  10 ;  
18  24  8 ;  
18  25  4 ;  
20  27  6 ;  
21  27  2 ;  
22  29  1 ;  
23  22  8 ;  
23  24  1 ;  
23  30  10 ;  
24  25  7 ;  
25  31  4 ;  
26  33  4 ;  
27  26  7 ;  
28  27  8 ;  
28  29  5 ;  
28  35  1 ;  
29  30  9 ;  
30  35  1 ;  
30  37  6 ;  
31  36  9 ;  
32  33  9 ;  
32  39  8 ;  
33  32  6 ;  
33  38  6 ;  
33  40  9 ;  
34  40  6 ;  
35  36  1 ;  
35  42  9 ;  
36  35  10 ;  
37  36  1 ;  
38  39  1 ;  
39  38  5 ;  
39  40  4 ;  
40  39  3 ;  
40  41  6 ;  
40  46  2 ;  
41  40  3 ;  
41  42  5 ;  
41  47  3 ;  
42  41  5 ;  
43  48  1 ;  
45  44  4 ;  
45  46  5 ;  
45  52  9 ;  
46  47  10 ;  
46  51  7 ;  
47  46  1 ;  
47  53  1 ;  
47  54  3 ;  
50  57  7 ;  
52  59  2 ;  
53  58  5 ;  
53  60  7 ;  
54  60  1 ;  
57  62  1 ;  
58  57  6 ;  
59  65  2 ;  
60  59  5 ;  
60  65  8 ;  
60  67  6 ;  
61  67  5 ]

A_2 = [
1  2  0 ;  
1  3  0 ;  
1  4  0 ;  
1  5  0 ;  
1  6  0 ;  
1  7  0 ;  
2  8  3 ;  
3  9  5 ;  
3  10  2 ;  
4  9  8 ;  
4  11  8 ;  
5  10  7 ;  
5  11  4 ;  
6  12  1 ;  
6  13  7 ;  
7  13  10 ;  
8  9  1 ;  
8  14  8 ;  
9  10  10 ;  
9  14  2 ;  
9  15  6 ;  
10  15  9 ;  
10  17  7 ;  
11  10  4 ;  
11  12  7 ;  
11  16  1 ;  
11  17  9 ;  
11  18  4 ;  
12  11  8 ;  
12  13  8 ;  
12  18  4 ;  
12  19  6 ;  
13  18  4 ;  
13  19  8 ;  
14  20  1 ;  
14  21  7 ;  
15  20  3 ;  
15  21  5 ;  
16  15  6 ;  
16  22  9 ;  
16  23  4 ;  
17  16  5 ;  
17  18  5 ;  
17  22  10 ;  
17  24  9 ;  
18  23  1 ;  
19  18  7 ;  
19  24  7 ;  
19  25  3 ;  
20  21  6 ;  
20  26  9 ;  
21  20  2 ;  
21  22  8 ;  
21  26  9 ;  
21  28  3 ;  
22  21  9 ;  
22  23  7 ;  
22  27  6 ;  
22  28  8 ;  
23  28  5 ;  
23  29  10 ;  
24  23  10 ;  
24  29  3 ;  
24  30  3 ;  
24  31  9 ;  
25  24  4 ;  
25  30  1 ;  
26  27  9 ;  
26  32  9 ;  
27  28  9 ;  
27  32  6 ;  
27  33  10 ;  
27  34  6 ;  
28  33  9 ;  
28  34  10 ;  
29  28  7 ;  
29  34  3 ;  
29  35  9 ;  
29  36  9 ;  
30  29  4 ;  
30  31  7 ;  
30  36  8 ;  
31  30  10 ;  
31  37  4 ;  
32  38  7 ;  
33  34  7 ;  
33  39  1 ;  
34  33  9 ;  
34  35  10 ;  
34  39  10 ;  
34  41  8 ;  
35  34  10 ;  
35  40  4 ;  
35  41  3 ;  
36  37  3 ;  
36  41  2 ;  
36  42  9 ;  
36  43  5 ;  
37  42  2 ;  
37  43  2 ;  
38  44  8 ;  
38  45  1 ;  
39  44  5 ;  
39  45  2 ;  
39  46  10 ;  
40  45  5 ;  
40  47  3 ;  
41  46  9 ;  
41  48  5 ;  
42  43  8 ;  
42  47  6 ;  
42  48  8 ;  
42  49  8 ;  
43  42  2 ;  
43  49  5 ;  
44  45  7 ;  
44  50  6 ;  
44  51  7 ;  
45  50  2 ;  
45  51  5 ;  
46  45  4 ;  
46  52  1 ;  
46  53  4 ;  
47  48  7 ;  
47  52  3 ;  
48  47  8 ;  
48  49  9 ;  
48  53  7 ;  
48  54  9 ;  
48  55  4 ;  
49  48  9 ;  
49  54  8 ;  
49  55  4 ;  
50  51  9 ;  
50  56  1 ;  
51  50  10 ;  
51  52  6 ;  
51  56  7 ;  
51  57  1 ;  
51  58  5 ;  
52  51  3 ;  
52  53  4 ;  
52  57  1 ;  
52  58  5 ;  
53  52  2 ;  
53  54  5 ;  
53  59  3 ;  
54  53  10 ;  
54  55  5 ;  
54  59  3 ;  
54  61  9 ;  
55  54  1 ;  
55  60  10 ;  
55  61  4 ;  
56  57  10 ;  
56  62  8 ;  
56  63  3 ;  
57  56  10 ;  
57  58  9 ;  
57  63  7 ;  
57  64  4 ;  
58  59  2 ;  
58  63  4 ;  
58  64  10 ;  
58  65  7 ;  
59  58  10 ;  
59  60  4 ;  
59  64  8 ;  
59  66  7 ;  
60  61  9 ;  
60  66  1 ;  
61  60  10 ;  
61  66  7 ;  
62  63  10 ;  
62  68  0 ;  
63  62  10 ;  
63  64  10 ;  
63  68  0 ;  
64  63  10 ;  
64  65  10 ;  
64  68  0 ;  
65  64  10 ;  
65  66  10 ;  
65  68  0 ;  
66  65  10 ;  
66  67  10 ;  
66  68  0 ;  
67  66  10 ;  
67  68  0 ]