
K = [ 
1  102  ;
2  101  ;
3  100  ;
4  99  ;
5  98  ;
6  97  ;
7  96  ;
8  95  ;
9  94  ;
10  93  ]

n = 102
n_k = [
1  ;
1  ;
1  ;
1  ;
1  ;
1  ;
1  ;
1  ;
1  ;
1  ]

A_1 = [
3  14  2 ;
4  15  8 ;
7  17  10 ;
8  17  8 ;
8  19  4 ;
9  19  2 ;
10  20  1 ;
10  21  1 ;
11  21  1 ;
13  22  4 ;
14  15  4 ;
14  25  4 ;
15  24  1 ;
16  15  2 ;
16  25  5 ;
16  27  6 ;
17  16  9 ;
17  26  9 ;
18  28  9 ;
19  18  10 ;
19  20  1 ;
19  30  7 ;
20  19  7 ;
21  30  8 ;
23  32  8 ;
24  25  5 ;
25  26  3 ;
25  36  4 ;
26  25  1 ;
27  26  7 ;
27  36  6 ;
27  38  6 ;
28  38  10 ;
29  39  9 ;
29  40  9 ;
30  29  4 ;
31  30  10 ;
31  40  9 ;
32  43  8 ;
33  32  6 ;
33  44  9 ;
34  33  9 ;
34  35  10 ;
34  43  10 ;
34  45  8 ;
35  34  10 ;
35  36  1 ;
36  46  9 ;
37  36  1 ;
37  38  2 ;
37  46  2 ;
37  48  8 ;
38  48  5 ;
38  49  2 ;
39  38  10 ;
40  41  3 ;
41  51  8 ;
42  43  6 ;
42  53  8 ;
43  42  2 ;
43  44  1 ;
44  53  5 ;
44  55  5 ;
45  44  9 ;
45  46  4 ;
45  54  10 ;
45  56  1 ;
46  47  1 ;
47  46  3 ;
47  48  8 ;
47  58  9 ;
48  47  4 ;
48  57  8 ;
48  59  9 ;
49  48  1 ;
49  58  10 ;
49  60  7 ;
50  49  1 ;
50  51  5 ;
50  60  4 ;
51  50  5 ;
53  52  7 ;
53  54  10 ;
53  62  5 ;
54  53  9 ;
55  56  3 ;
56  57  4 ;
56  67  4 ;
57  66  10 ;
57  68  8 ;
58  57  2 ;
58  59  7 ;
58  67  5 ;
59  58  1 ;
59  60  6 ;
59  68  10 ;
60  69  4 ;
60  71  10 ;
61  60  3 ;
61  71  7 ;
63  64  9 ;
63  74  8 ;
64  73  2 ;
64  75  2 ;
65  66  3 ;
65  76  4 ;
66  75  10 ;
66  77  5 ;
67  68  6 ;
67  78  5 ;
69  70  2 ;
69  78  6 ;
70  81  6 ;
71  80  10 ;
73  74  4 ;
73  84  5 ;
74  75  5 ;
74  83  10 ;
76  87  7 ;
77  78  1 ;
77  86  4 ;
78  87  2 ;
79  90  7 ;
80  81  5 ;
80  89  9 ;
82  83  6 ;
84  95  2 ;
85  84  6 ;
85  86  10 ;
85  95  2 ;
86  85  4 ;
86  87  10 ;
86  95  9 ;
87  86  5 ;
87  88  3 ;
87  98  5 ;
88  87  4 ;
88  97  6 ;
89  88  2 ;
89  90  8 ;
89  98  2 ;
90  91  7 ;
91  100  6 ]

A_2 = [
1  2  0 ;
1  3  0 ;
1  4  0 ;
1  5  0 ;
1  6  0 ;
1  7  0 ;
1  8  0 ;
1  9  0 ;
1  10  0 ;
1  11  0 ;
2  12  3 ;
2  13  10 ;
3  12  2 ;
3  13  5 ;
4  13  8 ;
4  14  8 ;
5  14  7 ;
5  15  4 ;
5  16  2 ;
6  15  8 ;
6  16  1 ;
6  17  7 ;
7  16  7 ;
7  18  1 ;
8  18  5 ;
9  18  10 ;
9  20  6 ;
10  19  1 ;
11  20  9 ;
12  13  7 ;
12  22  4 ;
12  23  7 ;
13  12  1 ;
13  14  9 ;
13  23  8 ;
13  24  8 ;
14  13  9 ;
14  23  6 ;
14  24  4 ;
15  14  8 ;
15  16  5 ;
15  25  7 ;
15  26  9 ;
16  17  3 ;
16  26  2 ;
17  18  7 ;
17  27  4 ;
17  28  5 ;
18  17  5 ;
18  19  10 ;
18  27  8 ;
18  29  7 ;
19  28  8 ;
19  29  4 ;
20  21  3 ;
20  29  6 ;
20  30  9 ;
20  31  6 ;
21  20  2 ;
21  31  9 ;
22  23  2 ;
22  32  3 ;
22  33  9 ;
23  22  7 ;
23  24  6 ;
23  33  1 ;
23  34  8 ;
24  23  1 ;
24  33  10 ;
24  34  10 ;
24  35  10 ;
25  24  7 ;
25  34  3 ;
25  35  9 ;
26  27  4 ;
26  35  9 ;
26  36  9 ;
26  37  4 ;
27  28  9 ;
27  37  10 ;
28  27  8 ;
28  29  5 ;
28  37  9 ;
28  39  1 ;
29  28  7 ;
29  30  9 ;
29  38  3 ;
30  31  7 ;
30  39  1 ;
30  40  8 ;
30  41  6 ;
31  41  4 ;
32  33  9 ;
32  42  7 ;
33  34  7 ;
33  42  6 ;
33  43  1 ;
34  44  6 ;
35  44  4 ;
35  45  3 ;
35  46  9 ;
36  35  10 ;
36  37  3 ;
36  45  2 ;
36  47  5 ;
37  47  1 ;
38  37  1 ;
38  39  5 ;
38  47  4 ;
39  40  3 ;
39  48  6 ;
39  49  5 ;
39  50  2 ;
40  39  3 ;
40  49  5 ;
40  50  9 ;
40  51  3 ;
41  40  5 ;
41  50  5 ;
42  52  8 ;
43  52  5 ;
43  53  7 ;
43  54  6 ;
44  43  7 ;
44  45  4 ;
44  54  2 ;
45  55  7 ;
46  45  4 ;
46  55  7 ;
46  56  3 ;
46  57  1 ;
47  56  9 ;
47  57  7 ;
48  49  9 ;
48  58  4 ;
49  50  7 ;
49  59  6 ;
50  59  3 ;
50  61  1 ;
51  60  2 ;
51  61  2 ;
52  53  5 ;
52  62  5 ;
52  63  3 ;
53  63  3 ;
53  64  1 ;
54  55  1 ;
54  63  10 ;
54  64  4 ;
54  65  10 ;
55  54  8 ;
55  64  10 ;
55  65  9 ;
55  66  1 ;
56  55  7 ;
56  65  6 ;
56  66  2 ;
57  56  10 ;
57  58  7 ;
57  67  4 ;
58  68  9 ;
58  69  8 ;
59  69  7 ;
59  70  5 ;
60  59  1 ;
60  61  3 ;
60  70  6 ;
61  70  6 ;
62  63  4 ;
62  72  5 ;
62  73  2 ;
63  62  7 ;
63  72  6 ;
63  73  9 ;
64  63  9 ;
64  65  4 ;
64  74  1 ;
65  64  3 ;
65  74  3 ;
65  75  9 ;
66  65  5 ;
66  67  6 ;
66  76  9 ;
67  66  6 ;
67  76  6 ;
67  77  2 ;
68  67  4 ;
68  69  10 ;
68  77  8 ;
68  78  3 ;
68  79  10 ;
69  68  9 ;
69  79  1 ;
69  80  7 ;
70  69  2 ;
70  71  7 ;
70  79  3 ;
70  80  3 ;
71  70  2 ;
71  81  10 ;
72  73  7 ;
72  82  2 ;
72  83  10 ;
73  72  9 ;
73  82  10 ;
73  83  2 ;
74  73  6 ;
74  84  9 ;
74  85  2 ;
75  74  8 ;
75  76  5 ;
75  84  2 ;
75  85  1 ;
75  86  5 ;
76  75  1 ;
76  77  10 ;
76  85  1 ;
76  86  2 ;
77  76  2 ;
77  87  4 ;
77  88  10 ;
78  77  7 ;
78  79  3 ;
78  88  8 ;
78  89  3 ;
79  78  4 ;
79  80  3 ;
79  88  2 ;
79  89  7 ;
80  79  9 ;
80  90  5 ;
80  91  8 ;
81  80  6 ;
81  90  2 ;
81  91  4 ;
82  92  1 ;
82  93  1 ;
83  82  1 ;
83  84  5 ;
83  92  10 ;
83  93  6 ;
83  94  8 ;
84  83  7 ;
84  85  6 ;
84  93  7 ;
84  94  2 ;
85  94  8 ;
85  96  5 ;
86  96  8 ;
86  97  6 ;
87  96  9 ;
87  97  4 ;
88  89  4 ;
88  98  2 ;
88  99  5 ;
89  99  10 ;
89  100  6 ;
90  89  4 ;
90  99  5 ;
90  100  1 ;
90  101  6 ;
91  90  3 ;
91  101  10 ;
92  93  10 ;
92  102  0 ;
93  92  10 ;
93  94  10 ;
93  102  0 ;
94  93  10 ;
94  95  10 ;
94  102  0 ;
95  94  10 ;
95  96  10 ;
95  102  0 ;
96  95  10 ;
96  97  10 ;
96  102  0 ;
97  96  10 ;
97  98  10 ;
97  102  0 ;
98  97  10 ;
98  99  10 ;
98  102  0 ;
99  98  10 ;
99  100  10 ;
99  102  0 ;
100  99  10 ;
100  101  10 ;
100  102  0 ;
101  100  10 ;
101  102  0 ]
