K = [
1  74  ; 
2  73  ; 
3  72  ; 
4  71  ; 
5  70  ; 
6  69  ; 
7  68  ; 
8  67]

n = 74
n_k = [ 
1  ; 
1  ; 
1  ; 
1  ; 
1  ; 
1  ; 
1  ; 
1  ]

A_1 = [
3  10  2 ; 
4  11  8 ; 
5  12  7 ; 
6  13  8 ; 
7  15  10 ; 
8  15  8 ; 
10  19  1 ; 
11  12  9 ; 
11  18  1 ; 
11  20  4 ; 
12  11  7 ; 
13  12  8 ; 
13  14  9 ; 
14  13  4 ; 
15  16  2 ; 
15  22  3 ; 
16  17  9 ; 
16  24  9 ; 
19  20  1 ; 
19  26  8 ; 
20  27  6 ; 
21  22  8 ; 
21  29  2 ; 
22  31  1 ; 
23  24  1 ; 
23  31  10 ; 
24  23  10 ; 
24  31  3 ; 
25  24  4 ; 
25  33  4 ; 
27  26  7 ; 
27  35  10 ; 
28  29  5 ; 
28  35  9 ; 
29  36  3 ; 
30  29  4 ; 
30  38  8 ; 
30  39  6 ; 
31  39  9 ; 
31  40  7 ; 
32  33  6 ; 
32  40  6 ; 
32  41  1 ; 
33  40  9 ; 
34  35  10 ; 
35  43  3 ; 
36  44  9 ; 
36  45  5 ; 
37  44  2 ; 
37  46  8 ; 
38  37  1 ; 
38  39  5 ; 
38  46  5 ; 
39  40  3 ; 
39  46  6 ; 
41  49  8 ; 
42  43  6 ; 
44  51  5 ; 
45  44  9 ; 
45  52  10 ; 
46  47  1 ; 
47  54  9 ; 
48  49  9 ; 
48  57  9 ; 
51  52  3 ; 
51  59  1 ; 
52  51  2 ; 
52  59  5 ; 
53  52  7 ; 
53  54  10 ; 
53  61  3 ; 
54  63  10 ; 
55  63  9 ; 
56  57  4 ; 
56  65  4 ; 
57  65  10 ; 
59  58  7 ; 
59  60  5 ; 
59  67  8 ; 
59  68  1 ; 
60  69  1 ; 
61  62  4 ; 
61  68  6 ; 
62  61  6 ; 
62  63  7 ; 
63  70  6 ; 
64  73  2 ; 
]

A_2 = [
1  2  0 ; 
1  3  0 ; 
1  4  0 ; 
1  5  0 ; 
1  6  0 ; 
1  7  0 ; 
1  8  0 ; 
1  9  0 ; 
2  10  3 ; 
2  11  10 ; 
3  11  5 ; 
3  12  2 ; 
4  12  8 ; 
4  13  8 ; 
5  13  4 ; 
5  14  2 ; 
6  14  1 ; 
6  15  7 ; 
7  14  7 ; 
7  16  1 ; 
8  16  5 ; 
8  17  4 ; 
9  16  10 ; 
9  17  2 ; 
10  11  6 ; 
10  18  1 ; 
11  10  1 ; 
11  19  7 ; 
12  13  1 ; 
12  19  9 ; 
12  20  4 ; 
12  21  8 ; 
13  20  4 ; 
13  21  6 ; 
13  22  4 ; 
14  15  8 ; 
14  21  5 ; 
14  22  1 ; 
14  23  7 ; 
15  14  9 ; 
15  23  5 ; 
15  24  2 ; 
16  15  6 ; 
16  23  7 ; 
16  25  4 ; 
17  16  5 ; 
17  24  5 ; 
17  25  10 ; 
18  19  8 ; 
18  26  9 ; 
18  27  7 ; 
19  18  10 ; 
19  27  4 ; 
19  28  7 ; 
20  19  7 ; 
20  21  3 ; 
20  28  9 ; 
20  29  6 ; 
21  20  2 ; 
21  28  9 ; 
21  30  3 ; 
22  21  9 ; 
22  23  7 ; 
22  29  6 ; 
22  30  8 ; 
23  22  8 ; 
23  30  5 ; 
23  32  10 ; 
24  25  7 ; 
24  32  3 ; 
24  33  9 ; 
25  32  1 ; 
26  27  9 ; 
26  34  9 ; 
26  35  4 ; 
27  28  9 ; 
27  34  6 ; 
27  36  6 ; 
28  27  8 ; 
28  36  10 ; 
28  37  1 ; 
29  28  7 ; 
29  30  9 ; 
29  37  9 ; 
29  38  9 ; 
30  31  7 ; 
30  37  1 ; 
31  30  10 ; 
31  32  9 ; 
31  38  4 ; 
32  31  8 ; 
32  39  7 ; 
33  32  9 ; 
33  41  10 ; 
34  42  6 ; 
34  43  8 ; 
35  34  10 ; 
35  36  1 ; 
35  42  4 ; 
35  44  9 ; 
36  35  10 ; 
36  37  3 ; 
36  43  2 ; 
37  36  1 ; 
37  38  2 ; 
37  45  1 ; 
38  45  4 ; 
38  47  2 ; 
39  38  10 ; 
39  47  5 ; 
39  48  2 ; 
40  39  3 ; 
40  41  3 ; 
40  47  5 ; 
40  48  9 ; 
40  49  3 ; 
41  40  5 ; 
41  48  5 ; 
42  50  8 ; 
42  51  8 ; 
43  42  2 ; 
43  44  1 ; 
43  50  5 ; 
43  51  7 ; 
43  52  6 ; 
44  43  7 ; 
44  45  4 ; 
44  52  2 ; 
44  53  5 ; 
45  46  4 ; 
45  53  7 ; 
45  54  1 ; 
46  45  4 ; 
46  53  7 ; 
46  54  3 ; 
46  55  1 ; 
47  46  3 ; 
47  48  8 ; 
47  55  7 ; 
47  56  9 ; 
48  47  4 ; 
48  55  8 ; 
48  56  4 ; 
49  48  1 ; 
49  56  7 ; 
49  57  10 ; 
50  51  6 ; 
50  58  7 ; 
50  59  1 ; 
51  50  5 ; 
51  58  4 ; 
51  60  5 ; 
52  53  2 ; 
52  60  5 ; 
52  61  3 ; 
53  60  5 ; 
53  62  1 ; 
54  53  9 ; 
54  55  1 ; 
54  61  10 ; 
54  62  4 ; 
55  54  8 ; 
55  56  3 ; 
55  62  10 ; 
55  64  1 ; 
56  55  7 ; 
56  63  6 ; 
56  64  2 ; 
57  56  10 ; 
57  64  7 ; 
58  59  4 ; 
58  66  8 ; 
58  67  2 ; 
59  66  9 ; 
60  59  6 ; 
60  61  10 ; 
60  67  7 ; 
60  68  5 ; 
61  60  3 ; 
61  69  10 ; 
61  70  3 ; 
62  69  4 ; 
62  70  5 ; 
62  71  2 ; 
63  62  7 ; 
63  64  9 ; 
63  71  9 ; 
63  72  8 ; 
64  63  9 ; 
64  65  4 ; 
64  71  2 ; 
64  72  1 ; 
65  64  3 ; 
65  72  3 ; 
65  73  3 ; 
66  67  10 ; 
66  74  0 ; 
67  66  10 ; 
67  68  10 ; 
67  74  0 ; 
68  67  10 ; 
68  69  10 ; 
68  74  0 ; 
69  68  10 ; 
69  70  10 ; 
69  74  0 ; 
70  69  10 ; 
70  71  10 ; 
70  74  0 ; 
71  70  10 ; 
71  72  10 ; 
71  74  0 ; 
72  71  10 ; 
72  73  10 ; 
72  74  0 ; 
73  72  10 ; 
73  74  0]; 
