
K = [ 
1  52  ;
2  51  ;
3  50  ;
4  49  ;
5  48  ;
6  47  ;
7  46  ;
8  45  ;
9  44  ;
10  43 ]

n = 52
n_k = [
1  ;
1  ;
1  ;
1  ;
1  ;
1  ;
1  ;
1  ;
1  ;
1  ]

A_1 = [
3  13  5 ;
4  13  8 ;
5  14  7 ;
6  15  8 ;
6  17  7 ;
7  17  10 ;
8  17  8 ;
9  18  10 ;
10  20  1 ;
11  21  1 ;
13  24  8 ;
14  23  6 ;
15  14  8 ;
15  24  1 ;
16  15  2 ;
16  17  3 ;
16  25  5 ;
17  18  7 ;
17  26  9 ;
17  28  5 ;
18  17  5 ;
18  19  10 ;
18  27  8 ;
20  21  3 ;
20  29  6 ;
20  31  6 ;
21  20  2 ;
21  30  8 ;
23  33  1 ;
23  34  8 ;
24  34  10 ;
25  24  7 ;
26  27  4 ;
26  36  9 ;
27  26  7 ;
27  28  9 ;
27  37  10 ;
28  27  8 ;
28  37  9 ;
29  28  7 ;
29  39  9 ;
30  29  4 ;
30  41  6 ;
31  40  9 ;
33  32  6 ;
33  34  7 ;
33  42  6 ;
33  44  9 ;
34  35  10 ;
34  45  8 ;
35  34  10 ;
35  36  1 ;
35  44  4 ;
36  45  2 ;
37  38  2 ;
37  47  1 ;
37  48  8 ;
38  37  1 ;
38  39  5 ;
38  49  2 ;
39  49  5 ;
39  50  2 ;
40  39  3 ;
40  49  5 ;
41  50  5 ]

A_2 = [
1  2  0 ;
1  3  0 ;
1  4  0 ;
1  5  0 ;
1  6  0 ;
1  7  0 ;
1  8  0 ;
1  9  0 ;
1  10  0 ;
1  11  0 ;
2  12  3 ;
2  13  10 ;
3  12  2 ;
3  14  2 ;
4  14  8 ;
4  15  8 ;
5  15  4 ;
5  16  2 ;
6  16  1 ;
7  16  7 ;
7  18  1 ;
8  18  5 ;
8  19  4 ;
9  19  2 ;
9  20  6 ;
10  19  1 ;
10  21  1 ;
11  20  9 ;
12  13  7 ;
12  22  4 ;
12  23  7 ;
13  12  1 ;
13  14  9 ;
13  22  4 ;
13  23  8 ;
14  13  9 ;
14  15  4 ;
14  24  4 ;
14  25  4 ;
15  16  5 ;
15  25  7 ;
15  26  9 ;
16  26  2 ;
16  27  6 ;
17  16  9 ;
17  27  4 ;
18  28  9 ;
18  29  7 ;
19  18  10 ;
19  20  1 ;
19  28  8 ;
19  29  4 ;
19  30  7 ;
20  19  7 ;
20  30  9 ;
21  31  9 ;
22  23  2 ;
22  32  3 ;
22  33  9 ;
23  22  7 ;
23  24  6 ;
23  32  8 ;
24  23  1 ;
24  25  5 ;
24  33  10 ;
24  35  10 ;
25  26  3 ;
25  34  3 ;
25  35  9 ;
25  36  4 ;
26  25  1 ;
26  35  9 ;
26  37  4 ;
27  36  6 ;
27  38  6 ;
28  29  5 ;
28  38  10 ;
28  39  1 ;
29  30  9 ;
29  38  3 ;
29  40  9 ;
30  31  7 ;
30  39  1 ;
30  40  8 ;
31  30  10 ;
31  41  4 ;
32  33  9 ;
32  42  7 ;
32  43  8 ;
33  43  1 ;
34  33  9 ;
34  43  10 ;
34  44  6 ;
35  45  3 ;
35  46  9 ;
36  35  10 ;
36  37  3 ;
36  46  9 ;
36  47  5 ;
37  36  1 ;
37  46  2 ;
38  47  4 ;
38  48  5 ;
39  38  10 ;
39  40  3 ;
39  48  6 ;
40  41  3 ;
40  50  9 ;
40  51  3 ;
41  40  5 ;
41  51  8 ;
42  43  10 ;
42  52  0 ;
43  42  10 ;
43  44  10 ;
43  52  0 ;
44  43  10 ;
44  45  10 ;
44  52  0 ;
45  44  10 ;
45  46  10 ;
45  52  0 ;
46  45  10 ;
46  47  10 ;
46  52  0 ;
47  46  10 ;
47  48  10 ;
47  52  0 ;
48  47  10 ;
48  49  10 ;
48  52  0 ;
49  48  10 ;
49  50  10 ;
49  52  0 ;
50  49  10 ;
50  51  10 ;
50  52  0 ;
51  50  10 ;
51  52  0 ]
