
K = [ 
1  62  ;
2  61  ;
3  60  ;
4  59  ;
5  58  ;
6  57  ;
7  56  ;
8  55  ;
9  54  ;
10  53 ]


n =62
n_k = [
1  ;
1  ;
1  ;
1  ;
1  ;
1  ;
1  ;
1  ;
1  ;
1 ]

A_1 = [
2  13  10 ;
4  13  8 ;
4  15  8 ;
6  17  7 ;
7  17  10 ;
8  17  8 ;
9  18  10 ;
9  20  6 ;
10  20  1 ;
11  21  1 ;
12  23  7 ;
13  14  9 ;
14  13  9 ;
14  23  6 ;
15  24  1 ;
15  26  9 ;
16  15  2 ;
16  17  3 ;
16  26  2 ;
17  18  7 ;
17  26  9 ;
17  28  5 ;
18  29  7 ;
19  18  10 ;
19  29  4 ;
20  19  7 ;
20  21  3 ;
20  29  6 ;
21  30  8 ;
22  33  9 ;
23  22  7 ;
23  24  6 ;
23  33  1 ;
24  33  10 ;
25  34  3 ;
25  36  4 ;
26  27  4 ;
28  27  8 ;
28  38  10 ;
29  30  9 ;
29  40  9 ;
30  29  4 ;
30  40  8 ;
31  30  10 ;
31  40  9 ;
33  34  7 ;
33  43  1 ;
33  44  9 ;
34  35  10 ;
34  43  10 ;
35  44  4 ;
36  45  2 ;
37  47  1 ;
37  48  8 ;
38  37  1 ;
38  48  5 ;
39  38  10 ;
40  41  3 ;
40  51  3 ;
41  40  5 ;
42  53  8 ;
43  42  2 ;
43  53  7 ;
44  43  7 ;
45  46  4 ;
45  55  7 ;
46  45  4 ;
46  55  7 ;
46  57  1 ;
47  46  3 ;
47  56  9 ;
47  58  9 ;
48  58  4 ;
49  50  7 ;
49  60  7 ;
50  49  1 ;
51  50  5 ]

A_2 = [
1  2  0 ;
1  3  0 ;
1  4  0 ;
1  5  0 ;
1  6  0 ;
1  7  0 ;
1  8  0 ;
1  9  0 ;
1  10  0 ;
1  11  0 ;
2  12  3 ;
3  12  2 ;
3  13  5 ;
3  14  2 ;
4  14  8 ;
5  14  7 ;
5  15  4 ;
5  16  2 ;
6  15  8 ;
6  16  1 ;
7  16  7 ;
7  18  1 ;
8  18  5 ;
8  19  4 ;
9  19  2 ;
10  19  1 ;
10  21  1 ;
11  20  9 ;
12  13  7 ;
12  22  4 ;
13  12  1 ;
13  22  4 ;
13  23  8 ;
13  24  8 ;
14  15  4 ;
14  24  4 ;
14  25  4 ;
15  14  8 ;
15  16  5 ;
15  25  7 ;
16  25  5 ;
16  27  6 ;
17  16  9 ;
17  27  4 ;
18  17  5 ;
18  19  10 ;
18  27  8 ;
18  28  9 ;
19  20  1 ;
19  28  8 ;
19  30  7 ;
20  30  9 ;
20  31  6 ;
21  20  2 ;
21  31  9 ;
22  23  2 ;
22  32  3 ;
23  32  8 ;
23  34  8 ;
24  23  1 ;
24  25  5 ;
24  34  10 ;
24  35  10 ;
25  24  7 ;
25  26  3 ;
25  35  9 ;
26  25  1 ;
26  35  9 ;
26  36  9 ;
26  37  4 ;
27  26  7 ;
27  28  9 ;
27  36  6 ;
27  37  10 ;
27  38  6 ;
28  29  5 ;
28  37  9 ;
28  39  1 ;
29  28  7 ;
29  38  3 ;
29  39  9 ;
30  31  7 ;
30  39  1 ;
30  41  6 ;
31  41  4 ;
32  33  9 ;
32  42  7 ;
32  43  8 ;
33  32  6 ;
33  42  6 ;
34  33  9 ;
34  44  6 ;
34  45  8 ;
35  34  10 ;
35  36  1 ;
35  45  3 ;
35  46  9 ;
36  35  10 ;
36  37  3 ;
36  46  9 ;
36  47  5 ;
37  36  1 ;
37  38  2 ;
37  46  2 ;
38  39  5 ;
38  47  4 ;
38  49  2 ;
39  40  3 ;
39  48  6 ;
39  49  5 ;
39  50  2 ;
40  39  3 ;
40  49  5 ;
40  50  9 ;
41  50  5 ;
41  51  8 ;
42  43  6 ;
42  52  8 ;
43  44  1 ;
43  52  5 ;
43  54  6 ;
44  45  4 ;
44  53  5 ;
44  54  2 ;
44  55  5 ;
45  44  9 ;
45  54  10 ;
45  56  1 ;
46  47  1 ;
46  56  3 ;
47  48  8 ;
47  57  7 ;
48  47  4 ;
48  49  9 ;
48  57  8 ;
48  59  9 ;
49  48  1 ;
49  58  10 ;
49  59  6 ;
50  51  5 ;
50  59  3 ;
50  60  4 ;
50  61  1 ;
51  60  2 ;
51  61  2 ;
52  53  10 ;
52  62  0 ;
53  52  10 ;
53  54  10 ;
53  62  0 ;
54  53  10 ;
54  55  10 ;
54  62  0 ;
55  54  10 ;
55  56  10 ;
55  62  0 ;
56  55  10 ;
56  57  10 ;
56  62  0 ;
57  56  10 ;
57  58  10 ;
57  62  0 ;
58  57  10 ;
58  59  10 ;
58  62  0 ;
59  58  10 ;
59  60  10 ;
59  62  0 ;
60  59  10 ;
60  61  10 ;
60  62  0 ;
61  60  10 ;
61  62  0 ]
