
K = [ 
1  114  ;
2  113  ;
3  112  ;
4  111  ;
5  110  ;
6  109  ;
7  108  ;
8  107  ]

n = 114
n_k = [
1  ;
1  ;
1  ;
1  ;
1  ;
1  ;
1  ;
1  ]

A_1 = [
2  11  10 ;
3  11  5 ;
3  12  2 ;
4  11  8 ;
5  13  4 ;
7  14  7 ;
7  16  1 ;
9  17  2 ;
10  11  6 ;
11  10  1 ;
11  12  9 ;
11  18  1 ;
12  13  1 ;
12  19  9 ;
12  21  8 ;
13  14  9 ;
13  20  4 ;
15  14  9 ;
15  22  3 ;
15  24  2 ;
16  17  9 ;
17  16  5 ;
17  24  5 ;
19  26  8 ;
20  28  9 ;
20  29  6 ;
21  20  2 ;
21  22  8 ;
21  28  9 ;
22  31  1 ;
23  24  1 ;
23  30  5 ;
23  32  10 ;
24  25  7 ;
24  32  3 ;
25  33  4 ;
26  27  9 ;
27  26  7 ;
27  28  9 ;
27  35  10 ;
28  27  8 ;
28  29  5 ;
28  36  10 ;
29  28  7 ;
29  30  9 ;
29  36  3 ;
29  38  9 ;
30  31  7 ;
31  38  4 ;
31  40  7 ;
32  39  7 ;
34  35  10 ;
35  42  4 ;
36  35  10 ;
36  44  9 ;
37  36  1 ;
37  38  2 ;
37  44  2 ;
37  46  8 ;
38  39  5 ;
38  45  4 ;
39  47  5 ;
40  39  3 ;
40  41  3 ;
40  48  9 ;
41  40  5 ;
42  43  6 ;
43  42  2 ;
43  51  7 ;
44  43  7 ;
44  51  5 ;
45  44  9 ;
45  53  7 ;
46  45  4 ;
46  53  7 ;
47  46  3 ;
48  55  8 ;
50  59  1 ;
51  52  3 ;
51  58  4 ;
52  59  5 ;
53  52  7 ;
53  60  5 ;
56  55  7 ;
56  63  6 ;
58  59  4 ;
59  68  1 ;
60  61  10 ;
60  67  7 ;
61  69  10 ;
64  63  9 ;
64  65  4 ;
64  71  2 ;
64  73  2 ;
65  72  3 ;
66  67  9 ;
67  66  6 ;
67  68  10 ;
67  76  6 ;
68  67  6 ;
68  75  2 ;
69  68  10 ;
69  70  8 ;
69  76  3 ;
70  71  6 ;
71  72  3 ;
71  78  3 ;
72  71  10 ;
73  72  9 ;
73  81  10 ;
74  83  6 ;
75  74  5 ;
76  75  5 ;
77  84  2 ;
78  77  1 ;
78  79  4 ;
78  86  10 ;
79  78  3 ;
83  90  1 ;
84  85  10 ;
84  92  8 ;
85  84  6 ;
85  93  2 ;
86  94  5 ;
86  95  4 ;
87  86  10 ;
87  88  9 ;
89  96  6 ;
91  90  2 ;
91  92  10 ;
91  98  6 ;
92  91  5 ;
94  101  10 ;
95  96  4 ;
95  102  1 ;
95  104  7 ;
96  95  2 ;
96  97  5 ;
96  103  9 ;
97  96  1 ;
97  105  5 ;
98  107  8 ;
99  98  3 ;
99  107  6 ;
100  99  9 ;
100  109  3 ;
101  100  6 ;
101  109  9 ;
102  103  3 ;
102  110  3 ;
102  111  9 ;
103  102  1 ;
103  110  10 ;
104  112  9 ;
105  112  4 ]

A_2 = [
1  2  0 ;
1  3  0 ;
1  4  0 ;
1  5  0 ;
1  6  0 ;
1  7  0 ;
1  8  0 ;
1  9  0 ;
2  10  3 ;
3  10  2 ;
4  12  8 ;
4  13  8 ;
5  12  7 ;
5  14  2 ;
6  13  8 ;
6  14  1 ;
6  15  7 ;
7  15  10 ;
8  15  8 ;
8  16  5 ;
8  17  4 ;
9  16  10 ;
10  18  1 ;
10  19  1 ;
11  19  7 ;
11  20  4 ;
12  11  7 ;
12  20  4 ;
13  12  8 ;
13  21  6 ;
13  22  4 ;
14  13  4 ;
14  15  8 ;
14  21  5 ;
14  22  1 ;
14  23  7 ;
15  16  2 ;
15  23  5 ;
16  15  6 ;
16  23  7 ;
16  24  9 ;
16  25  4 ;
17  25  10 ;
18  19  8 ;
18  26  9 ;
18  27  7 ;
19  18  10 ;
19  20  1 ;
19  27  4 ;
19  28  7 ;
20  19  7 ;
20  21  3 ;
20  27  6 ;
21  29  2 ;
21  30  3 ;
22  21  9 ;
22  23  7 ;
22  29  6 ;
22  30  8 ;
23  22  8 ;
23  31  10 ;
24  23  10 ;
24  31  3 ;
24  33  9 ;
25  24  4 ;
25  32  1 ;
26  34  9 ;
26  35  4 ;
27  34  6 ;
27  36  6 ;
28  35  9 ;
28  37  1 ;
29  37  9 ;
30  29  4 ;
30  37  1 ;
30  38  8 ;
30  39  6 ;
31  30  10 ;
31  32  9 ;
31  39  9 ;
32  31  8 ;
32  33  6 ;
32  40  6 ;
32  41  1 ;
33  32  9 ;
33  40  9 ;
33  41  10 ;
34  42  6 ;
34  43  8 ;
35  34  10 ;
35  36  1 ;
35  43  3 ;
35  44  9 ;
36  37  3 ;
36  43  2 ;
36  45  5 ;
37  45  1 ;
38  37  1 ;
38  46  5 ;
38  47  2 ;
39  38  10 ;
39  40  3 ;
39  46  6 ;
39  48  2 ;
40  47  5 ;
40  49  3 ;
41  48  5 ;
41  49  8 ;
42  50  8 ;
42  51  8 ;
43  44  1 ;
43  50  5 ;
43  52  6 ;
44  45  4 ;
44  52  2 ;
44  53  5 ;
45  46  4 ;
45  52  10 ;
45  54  1 ;
46  47  1 ;
46  54  3 ;
46  55  1 ;
47  48  8 ;
47  54  9 ;
47  55  7 ;
47  56  9 ;
48  47  4 ;
48  49  9 ;
48  56  4 ;
48  57  9 ;
49  48  1 ;
49  56  7 ;
49  57  10 ;
50  51  6 ;
50  58  7 ;
51  50  5 ;
51  59  1 ;
51  60  5 ;
52  51  2 ;
52  53  2 ;
52  60  5 ;
52  61  3 ;
53  54  10 ;
53  61  3 ;
53  62  1 ;
54  53  9 ;
54  55  1 ;
54  61  10 ;
54  62  4 ;
54  63  10 ;
55  54  8 ;
55  56  3 ;
55  62  10 ;
55  63  9 ;
55  64  1 ;
56  57  4 ;
56  64  2 ;
56  65  4 ;
57  56  10 ;
57  64  7 ;
57  65  10 ;
58  66  8 ;
58  67  2 ;
59  58  7 ;
59  60  5 ;
59  66  9 ;
59  67  8 ;
60  59  6 ;
60  68  5 ;
60  69  1 ;
61  60  3 ;
61  62  4 ;
61  68  6 ;
61  70  3 ;
62  61  6 ;
62  63  7 ;
62  69  4 ;
62  70  5 ;
62  71  2 ;
63  62  7 ;
63  64  9 ;
63  70  6 ;
63  71  9 ;
63  72  8 ;
64  72  1 ;
65  64  3 ;
65  73  3 ;
66  74  4 ;
66  75  5 ;
67  74  9 ;
67  75  5 ;
68  69  6 ;
68  76  5 ;
68  77  4 ;
69  77  10 ;
69  78  9 ;
70  69  2 ;
70  77  1 ;
70  78  7 ;
70  79  2 ;
71  70  7 ;
71  79  6 ;
71  80  2 ;
72  73  10 ;
72  79  7 ;
72  80  2 ;
72  81  10 ;
73  80  4 ;
74  75  2 ;
74  82  5 ;
75  76  10 ;
75  82  9 ;
75  83  2 ;
75  84  8 ;
76  77  2 ;
76  83  1 ;
76  84  5 ;
76  85  1 ;
77  76  10 ;
77  78  1 ;
77  85  7 ;
77  86  2 ;
78  85  4 ;
78  87  7 ;
79  80  2 ;
79  86  8 ;
79  87  3 ;
79  88  4 ;
80  79  3 ;
80  81  2 ;
80  87  7 ;
80  88  7 ;
80  89  9 ;
81  80  5 ;
81  88  9 ;
81  89  5 ;
82  83  8 ;
82  90  6 ;
82  91  2 ;
83  82  4 ;
83  84  6 ;
83  91  1 ;
83  92  1 ;
84  83  5 ;
84  91  6 ;
84  93  7 ;
85  86  7 ;
85  92  2 ;
85  94  6 ;
86  85  10 ;
86  87  8 ;
86  93  2 ;
87  94  8 ;
87  95  6 ;
87  96  5 ;
88  87  3 ;
88  89  9 ;
88  95  4 ;
88  96  5 ;
88  97  4 ;
89  88  4 ;
89  97  2 ;
90  91  5 ;
90  98  2 ;
90  99  8 ;
91  99  4 ;
91  100  7 ;
92  93  1 ;
92  99  6 ;
92  100  3 ;
92  101  6 ;
93  92  10 ;
93  94  5 ;
93  100  4 ;
93  101  6 ;
93  102  2 ;
94  93  9 ;
94  95  10 ;
94  102  10 ;
94  103  2 ;
95  94  4 ;
95  103  4 ;
96  104  2 ;
96  105  2 ;
97  104  1 ;
98  99  6 ;
98  106  8 ;
99  100  2 ;
99  106  9 ;
99  108  2 ;
100  101  3 ;
100  107  3 ;
100  108  3 ;
101  102  5 ;
101  108  2 ;
101  110  10 ;
102  101  5 ;
102  109  4 ;
103  104  6 ;
103  111  9 ;
103  112  4 ;
104  103  3 ;
104  105  5 ;
104  111  7 ;
104  113  3 ;
105  104  1 ;
105  113  5 ;
106  107  10 ;
106  114  0 ;
107  106  10 ;
107  108  10 ;
107  114  0 ;
108  107  10 ;
108  109  10 ;
108  114  0 ;
109  108  10 ;
109  110  10 ;
109  114  0 ;
110  109  10 ;
110  111  10 ;
110  114  0 ;
111  110  10 ;
111  112  10 ;
111  114  0 ;
112  111  10 ;
112  113  10 ;
112  114  0 ;
113  112  10 ;
113  114  0]
