
K = [ 
1  72  ;
2  71  ;
3  70  ;
4  69  ;
5  68  ;
6  67  ;
7  66  ;
8  65  ;
9  64  ;
10  63]

n = 72
n_k = [
1  ;
1  ;
1  ;
1  ;
1  ;
1  ;
1  ;
1  ;
1  ;
1  ]

A_1 = [
2  13  10 ;
3  13  5 ;
4  15  8 ;
5  14  7 ;
6  16  1 ;
6  17  7 ;
7  16  7 ;
7  18  1 ;
10  21  1 ;
12  13  7 ;
13  12  1 ;
13  23  8 ;
13  24  8 ;
14  23  6 ;
14  25  4 ;
15  14  8 ;
16  17  3 ;
16  26  2 ;
16  27  6 ;
17  18  7 ;
17  26  9 ;
18  27  8 ;
19  28  8 ;
20  30  9 ;
20  31  6 ;
21  20  2 ;
22  23  2 ;
22  33  9 ;
24  23  1 ;
24  34  10 ;
24  35  10 ;
25  36  4 ;
26  25  1 ;
26  36  9 ;
27  26  7 ;
28  29  5 ;
28  38  10 ;
29  28  7 ;
29  38  3 ;
29  40  9 ;
30  29  4 ;
30  39  1 ;
30  41  6 ;
32  33  9 ;
33  32  6 ;
33  43  1 ;
33  44  9 ;
34  45  8 ;
35  44  4 ;
36  35  10 ;
36  37  3 ;
37  36  1 ;
37  38  2 ;
37  47  1 ;
38  37  1 ;
38  39  5 ;
38  48  5 ;
39  38  10 ;
40  41  3 ;
41  50  5 ;
42  53  8 ;
43  44  1 ;
43  52  5 ;
44  43  7 ;
44  54  2 ;
44  55  5 ;
46  57  1 ;
47  46  3 ;
49  48  1 ;
49  59  6 ;
50  49  1 ;
50  61  1 ;
52  63  3 ;
53  63  3 ;
54  55  1 ;
55  66  1 ;
56  57  4 ;
56  66  2 ;
57  56  10 ;
57  67  4 ;
57  68  8 ;
58  59  7 ;
59  68  10 ;
60  61  3 ;
60  71  10 ;
61  71  7 ]

A_2 = [
1  2  0 ;
1  3  0 ;
1  4  0 ;
1  5  0 ;
1  6  0 ;
1  7  0 ;
1  8  0 ;
1  9  0 ;
1  10  0 ;
1  11  0 ;
2  12  3 ;
3  12  2 ;
3  14  2 ;
4  13  8 ;
4  14  8 ;
5  15  4 ;
5  16  2 ;
6  15  8 ;
7  17  10 ;
8  17  8 ;
8  18  5 ;
8  19  4 ;
9  18  10 ;
9  19  2 ;
9  20  6 ;
10  19  1 ;
10  20  1 ;
11  20  9 ;
11  21  1 ;
12  22  4 ;
12  23  7 ;
13  14  9 ;
13  22  4 ;
14  13  9 ;
14  15  4 ;
14  24  4 ;
15  16  5 ;
15  24  1 ;
15  25  7 ;
15  26  9 ;
16  15  2 ;
16  25  5 ;
17  16  9 ;
17  27  4 ;
17  28  5 ;
18  17  5 ;
18  19  10 ;
18  28  9 ;
18  29  7 ;
19  18  10 ;
19  20  1 ;
19  29  4 ;
19  30  7 ;
20  19  7 ;
20  21  3 ;
20  29  6 ;
21  30  8 ;
21  31  9 ;
22  32  3 ;
23  22  7 ;
23  24  6 ;
23  32  8 ;
23  33  1 ;
23  34  8 ;
24  25  5 ;
24  33  10 ;
25  24  7 ;
25  26  3 ;
25  34  3 ;
25  35  9 ;
26  27  4 ;
26  35  9 ;
26  37  4 ;
27  28  9 ;
27  36  6 ;
27  37  10 ;
27  38  6 ;
28  27  8 ;
28  37  9 ;
28  39  1 ;
29  30  9 ;
29  39  9 ;
30  31  7 ;
30  40  8 ;
31  30  10 ;
31  40  9 ;
31  41  4 ;
32  42  7 ;
32  43  8 ;
33  34  7 ;
33  42  6 ;
34  33  9 ;
34  35  10 ;
34  43  10 ;
34  44  6 ;
35  34  10 ;
35  36  1 ;
35  45  3 ;
35  46  9 ;
36  45  2 ;
36  46  9 ;
36  47  5 ;
37  46  2 ;
37  48  8 ;
38  47  4 ;
38  49  2 ;
39  40  3 ;
39  48  6 ;
39  49  5 ;
39  50  2 ;
40  39  3 ;
40  49  5 ;
40  50  9 ;
40  51  3 ;
41  40  5 ;
41  51  8 ;
42  43  6 ;
42  52  8 ;
43  42  2 ;
43  53  7 ;
43  54  6 ;
44  45  4 ;
44  53  5 ;
45  44  9 ;
45  46  4 ;
45  54  10 ;
45  55  7 ;
45  56  1 ;
46  45  4 ;
46  47  1 ;
46  55  7 ;
46  56  3 ;
47  48  8 ;
47  56  9 ;
47  57  7 ;
47  58  9 ;
48  47  4 ;
48  49  9 ;
48  57  8 ;
48  58  4 ;
48  59  9 ;
49  50  7 ;
49  58  10 ;
49  60  7 ;
50  51  5 ;
50  59  3 ;
50  60  4 ;
51  50  5 ;
51  60  2 ;
51  61  2 ;
52  53  5 ;
52  62  5 ;
53  52  7 ;
53  54  10 ;
53  62  5 ;
53  64  1 ;
54  53  9 ;
54  63  10 ;
54  64  4 ;
54  65  10 ;
55  54  8 ;
55  56  3 ;
55  64  10 ;
55  65  9 ;
56  55  7 ;
56  65  6 ;
56  67  4 ;
57  58  7 ;
57  66  10 ;
58  57  2 ;
58  67  5 ;
58  68  9 ;
58  69  8 ;
59  58  1 ;
59  60  6 ;
59  69  7 ;
59  70  5 ;
60  59  1 ;
60  69  4 ;
60  70  6 ;
61  60  3 ;
61  70  6 ;
62  63  10 ;
62  72  0 ;
63  62  10 ;
63  64  10 ;
63  72  0 ;
64  63  10 ;
64  65  10 ;
64  72  0 ;
65  64  10 ;
65  66  10 ;
65  72  0 ;
66  65  10 ;
66  67  10 ;
66  72  0 ;
67  66  10 ;
67  68  10 ;
67  72  0 ;
68  67  10 ;
68  69  10 ;
68  72  0 ;
69  68  10 ;
69  70  10 ;
69  72  0 ;
70  69  10 ;
70  71  10 ;
70  72  0 ;
71  70  10 ;
71  72  0 ]